[user1.jpg]
filters=dir_tint=1,0.500000,0.500000,1.000000,0.000000,ff33ff65,0;
moddate=2c7b8b1ac2c0d201
width=1217
height=1237
textactive=0
[user2.jpg]
filters=dir_tint=1,0.500000,0.500000,1.000000,0.105263,fff0a556,0;
moddate=a69c8c6cc2c0d201
width=1261
height=1276
textactive=0
[user3.jpg]
filters=dir_tint=1,0.500000,0.500000,1.000000,0.250000,ffaaa9ff,0;
moddate=6562ef93c2c0d201
width=721
height=725
textactive=0
[user4.jpg]
filters=dir_tint=1,0.500000,0.500000,1.000000,0.250000,ffff69e0,0;
moddate=5ecbc4a4c2c0d201
width=2342
height=2336
textactive=0
